0	
1	
2	
3	
4	
5	
6	
7	
8	
9	
10	
11	
12	
13	
14	
15	
16	
17	
18	
19	
20	
21	
22	
23	
24	
25	
26	
27	
28	
29	
30	
31	
32	
33	
34	
35	
36	
37	
38	
39	
40	
41	
42	
43	
44	
45	
46	
47	
48	
49	
50	
51	
52	
53	
54	
55	
56	
57	
58	
59	
60	
61	
62	
63	
64	
65	
66	
67	
68	
69	
70	
71	
72	
73	
74	
75	
76	
77	
78	
79	
80	
81	
82	
83	
84	
85	
86	
87	
88	
89	
90	
91	
92	
93	
94	
95	
96	
97	
98	
99	
100	
101	
102	
103	
104	
105	
106	
107	
108	
109	
110	
111	
112	
113	
114	
115	
116	
117	
118	
119	
120	
121	
122	
123	
124	
125	
126	
127	
128	
129	
130	
131	
132	
133	
134	
135	
136	
137	
138	
139	
140	
141	
142	
143	
144	
145	
146	
147	
148	
149	
150	
151	
152	
153	
154	
155	
156	
157	
158	
159	
160	
161	
162	
163	
164	
165	
166	
167	
168	
169	
170	
171	
172	
173	
174	
175	
176	
177	
178	
179	
180	
181	
182	
183	
184	
185	
186	
187	
188	
189	
190	
191	
192	
193	
194	
195	
196	
197	
198	
199	
200	
201	
202	
203	
204	
205	
206	
207	
208	
209	
210	
211	
212	
213	
214	
215	
216	
217	
218	
219	
220	
221	
222	
223	
224	
225	
226	
227	
228	
229	
230	
231	
232	
233	
234	
235	
236	
237	
238	
239	
240	
241	
242	
243	
244	
245	
246	
247	
248	
249	
250	
251	
252	
253	
254	
255	
256	
257	
258	
259	
260	
261	
262	
263	
264	
265	
266	
267	
268	
269	
270	
271	
272	
273	
274	
275	
276	
277	
278	
279	
280	
281	
282	
283	
284	
285	
286	
287	
288	
289	
290	
291	
292	
293	
294	
295	
296	
297	
298	
299	
300	
301	
302	
303	
304	
305	
306	
307	
308	
309	
310	
311	
312	
313	
314	
315	
316	
317	
318	
319	
320	
321	
322	
323	
324	
325	
326	
327	
328	
329	
330	
331	
332	
333	
334	
335	
336	
337	
338	
339	
340	
341	
342	
343	
344	
345	
346	
347	
348	
349	
350	
351	
352	
353	
354	
355	
356	
357	
358	
359	
360	
361	
362	
363	
364	
365	
366	
367	
368	
369	
370	
371	
372	
373	
374	
375	
376	
377	
378	
379	
380	
381	
382	
383	
384	
385	
386	
387	
388	
389	
390	
391	
392	
393	
394	
395	
396	
397	
398	
399	
400	
401	
402	
403	
404	
405	
406	
407	
408	
409	
410	
411	
412	
413	
414	
415	
416	
417	
418	
419	
420	
421	
422	
423	
424	
425	
426	
427	
428	
429	
430	
431	
432	
433	
434	
435	
436	
437	
438	
439	
440	
441	
442	
443	
444	
445	
446	
447	
448	
449	
450	
451	
452	
453	
454	
455	
456	
457	
458	
459	
460	
461	
462	
463	
464	
465	
466	
467	
468	
469	
470	
471	
472	
473	
474	
475	
476	
477	
478	
479	
480	
481	
482	
483	
484	
485	
486	
487	
488	
489	
490	
491	
492	
493	
494	
495	
496	
497	
498	
499	
500	
0	
1	
2	
3	
4	
5	
6	
7	
8	
9	
10	
11	
12	
13	
14	
15	
16	
17	
18	
19	
20	
21	
22	
23	
24	
25	
26	
27	
28	
29	
30	
31	
32	
33	
34	
35	
36	
37	
38	
39	
40	
41	
42	
43	
44	
45	
46	
47	
48	
49	
50	
51	
52	
53	
54	
55	
56	
57	
58	
59	
60	
61	
62	
63	
64	
65	
66	
67	
68	
69	
70	
71	
72	
73	
74	
75	
76	
77	
78	
79	
80	
81	
82	
83	
84	
85	
86	
87	
88	
89	
90	
91	
92	
93	
94	
95	
96	
97	
98	
99	
100	
101	
102	
103	
104	
105	
106	
107	
108	
109	
110	
111	
112	
113	
114	
115	
116	
117	
118	
119	
120	
121	
122	
123	
124	
125	
126	
127	
128	
129	
130	
131	
132	
133	
134	
135	
136	
137	
138	
139	
140	
141	
142	
143	
144	
145	
146	
147	
148	
149	
150	
151	
152	
153	
154	
155	
156	
157	
158	
159	
160	
161	
162	
163	
164	
165	
166	
167	
168	
169	
170	
171	
172	
173	
174	
175	
176	
177	
178	
179	
180	
181	
182	
183	
184	
185	
186	
187	
188	
189	
190	
191	
192	
193	
194	
195	
196	
197	
198	
199	
200	
201	
202	
203	
204	
205	
206	
207	
208	
209	
210	
211	
212	
213	
214	
215	
216	
217	
218	
219	
220	
221	
222	
223	
224	
225	
226	
227	
228	
229	
230	
231	
232	
233	
234	
235	
236	
237	
238	
239	
240	
241	
242	
243	
244	
245	
246	
247	
248	
249	
250	
251	
252	
253	
254	
255	
256	
257	
258	
259	
260	
261	
262	
263	
264	
265	
266	
267	
268	
269	
270	
271	
272	
273	
274	
275	
276	
277	
278	
279	
280	
281	
282	
283	
284	
285	
286	
287	
288	
289	
290	
291	
292	
293	
294	
295	
296	
297	
298	
299	
300	
301	
302	
303	
304	
305	
306	
307	
308	
309	
310	
311	
312	
313	
314	
315	
316	
317	
318	
319	
320	
321	
322	
323	
324	
325	
326	
327	
328	
329	
330	
331	
332	
333	
334	
335	
336	
337	
338	
339	
340	
341	
342	
343	
344	
345	
346	
347	
348	
349	
350	
351	
352	
353	
354	
355	
356	
357	
358	
359	
360	
361	
362	
363	
364	
365	
366	
367	
368	
369	
370	
371	
372	
373	
374	
375	
376	
377	
378	
379	
380	
381	
382	
383	
384	
385	
386	
387	
388	
389	
390	
391	
392	
393	
394	
395	
396	
397	
398	
399	
400	
401	
402	
403	
404	
405	
406	
407	
408	
409	
410	
411	
412	
413	
414	
415	
416	
417	
418	
419	
420	
421	
422	
423	
424	
425	
426	
427	
428	
429	
430	
431	
432	
433	
434	
435	
436	
437	
438	
439	
440	
441	
442	
443	
444	
445	
446	
447	
448	
449	
450	
451	
452	
453	
454	
455	
456	
457	
458	
459	
460	
461	
462	
463	
464	
465	
466	
467	
468	
469	
470	
471	
472	
473	
474	
475	
476	
477	
478	
479	
480	
481	
482	
483	
484	
485	
486	
487	
488	
489	
490	
491	
492	
493	
494	
495	
496	
497	
498	
499	
500	
0	2.532
1	2.457
2	2.488
3	2.486
4	2.504
5	2.516
6	2.526
7	2.470
8	2.501
9	2.452
10	2.448
11	2.442
12	2.470
13	2.468
14	2.450
15	2.428
16	2.420
17	2.412
18	2.418
19	2.392
20	2.336
21	2.352
22	2.394
23	2.350
24	2.353
25	2.330
26	2.309
27	2.295
28	2.317
29	2.278
30	2.253
31	2.220
32	2.245
33	2.226
34	2.201
35	2.202
36	2.237
37	2.176
38	2.154
39	2.145
40	2.129
41	2.118
42	2.073
43	2.081
44	2.083
45	2.133
46	2.133
47	2.088
48	2.076
49	2.056
50	2.044
51	2.058
52	2.101
53	2.119
54	2.109
55	2.073
56	2.094
57	2.066
58	2.067
59	2.054
60	2.049
61	2.067
62	2.071
63	2.040
64	2.083
65	2.003
66	2.001
67	2.032
68	2.040
69	1.989
70	2.019
71	2.043
72	2.039
73	1.988
74	1.988
75	1.973
76	1.998
77	1.963
78	1.936
79	1.899
80	1.828
81	1.819
82	1.800
83	1.800
84	1.785
85	1.747
86	1.693
87	1.668
88	1.711
89	1.715
90	1.688
91	1.713
92	1.667
93	1.633
94	1.599
95	1.640
96	1.644
97	1.646
98	1.644
99	1.619
100	1.607
101	1.639
102	1.645
103	1.679
104	1.639
105	1.624
106	1.640
107	1.636
108	1.631
109	1.614
110	1.584
111	1.588
112	1.602
113	1.581
114	1.587
115	1.601
116	1.549
117	1.609
118	1.601
119	1.564
120	1.562
121	1.566
122	1.560
123	1.532
124	1.579
125	1.534
126	1.560
127	1.530
128	1.537
129	1.579
130	1.553
131	1.559
132	1.579
133	1.544
134	1.556
135	1.572
136	1.530
137	1.534
138	1.531
139	1.528
140	1.511
141	1.541
142	1.513
143	1.521
144	1.528
145	1.470
146	1.463
147	1.481
148	1.498
149	1.427
150	1.472
151	1.444
152	1.472
153	1.465
154	1.442
155	1.428
156	1.458
157	1.415
158	1.446
159	1.449
160	1.426
161	1.374
162	1.382
163	1.396
164	1.389
165	1.388
166	1.389
167	1.392
168	1.428
169	1.420
170	1.387
171	1.367
172	1.344
173	1.375
174	1.400
175	1.388
176	1.384
177	1.344
178	1.327
179	1.246
180	1.167
181	1.172
182	1.147
183	1.135
184	1.164
185	1.190
186	1.189
187	1.181
188	1.171
189	1.173
190	1.134
191	1.178
192	1.172
193	1.155
194	1.151
195	1.124
196	1.155
197	1.145
198	1.202
199	1.159
200	1.156
201	1.122
202	1.067
203	1.113
204	1.141
205	1.142
206	1.143
207	1.125
208	1.146
209	1.167
210	1.136
211	1.136
212	1.145
213	1.130
214	1.133
215	1.103
216	1.107
217	1.102
218	1.129
219	1.084
220	1.091
221	1.110
222	1.139
223	1.174
224	1.086
225	0.904
226	0.948
227	0.911
228	0.858
229	0.850
230	0.853
231	0.850
232	0.865
233	0.758
234	0.656
235	0.641
236	0.644
237	0.690
238	0.615
239	0.624
240	0.656
241	0.657
242	0.585
243	0.634
244	0.613
245	0.640
246	0.609
247	0.565
248	0.653
249	0.632
250	0.621
251	0.603
252	0.618
253	0.601
254	0.611
255	0.610
256	0.598
257	0.614
258	0.629
259	0.604
260	0.563
261	0.588
262	0.595
263	0.592
264	0.592
265	0.565
266	0.603
267	0.607
268	0.596
269	0.567
270	0.602
271	0.594
272	0.598
273	0.562
274	0.576
275	0.597
276	0.543
277	0.418
278	0.385
279	0.363
280	0.393
281	0.389
282	0.366
283	0.368
284	0.351
285	0.385
286	0.325
287	0.327
288	0.331
289	0.315
290	0.295
291	0.214
292	0.129
293	0.132
294	0.139
295	0.119
296	0.042
297	0.094
298	0.092
299	0.051
300	0.091
301	0.093
302	0.115
303	0.110
304	0.118
305	0.058
306	0.082
307	0.110
308	0.054
309	0.109
310	0.088
311	0.102
312	0.102
313	0.104
314	0.106
315	0.116
316	0.147
317	0.151
318	0.111
319	0.112
320	0.107
321	0.113
322	0.124
323	0.254
324	0.379
325	0.345
326	0.335
327	0.332
328	0.350
329	0.391
330	0.386
331	0.372
332	0.313
333	0.355
334	0.362
335	0.364
336	0.394
337	0.500
338	0.580
339	0.581
340	0.582
341	0.576
342	0.604
343	0.566
344	0.568
345	0.580
346	0.612
347	0.615
348	0.621
349	0.581
350	0.558
351	0.602
352	0.598
353	0.595
354	0.565
355	0.582
356	0.595
357	0.634
358	0.649
359	0.638
360	0.596
361	0.632
362	0.605
363	0.613
364	0.615
365	0.728
366	0.830
367	0.819
368	0.825
369	0.867
370	0.861
371	0.862
372	0.872
373	0.845
374	0.842
375	0.885
376	0.837
377	0.867
378	0.856
379	0.908
380	1.050
381	1.123
382	1.287
383	1.496
384	1.538
385	1.508
386	1.538
387	1.541
388	1.534
389	1.556
390	1.508
391	1.518
392	1.534
393	1.549
394	1.539
395	1.552
396	1.537
397	1.532
398	1.524
399	1.547
400	1.546
401	1.554
402	1.545
403	1.531
404	1.531
405	1.549
406	1.581
407	1.567
408	1.575
409	1.572
410	1.566
411	1.601
412	1.580
413	1.530
414	1.594
415	1.596
416	1.695
417	1.871
418	1.860
419	1.871
420	1.864
421	1.856
422	1.879
423	1.857
424	1.847
425	1.892
426	1.915
427	1.910
428	1.927
429	1.941
430	1.970
431	1.930
432	1.974
433	1.947
434	1.942
435	1.919
436	1.912
437	1.880
438	1.918
439	1.951
440	1.954
441	1.973
442	1.965
443	1.941
444	1.953
445	1.898
446	1.923
447	1.917
448	1.924
449	1.973
450	1.909
451	1.949
452	1.954
453	1.946
454	2.014
455	2.017
456	1.975
457	1.960
458	1.965
459	2.020
460	1.996
461	2.041
462	2.015
463	2.027
464	2.025
465	2.043
466	2.074
467	
468	
469	2.049
470	2.081
471	2.095
472	2.064
473	2.091
474	2.128
475	
476	2.102
477	
478	2.124
479	
480	2.144
481	2.200
482	
483	
484	
485	
486	
487	
488	
489	
490	
491	
492	
493	
494	
495	
496	
497	
498	
499	
500	
